32.86775655864197
33.61209683641975
33.46651813271605
33.3935050154321
33.26255208333333
33.286005015432096
33.16828896604938
33.14900848765432
33.11138117283951
33.11092399691358
33.08479938271605
33.08833140432099
33.07083333333333
33.081824845679016
33.082945601851854
33.10103202160494
33.1045100308642
33.12437885802469
33.115007716049384
33.115841049382716
33.1034587191358
33.099587191358026
33.090439814814815
33.10382908950617
33.16991512345679
33.333584104938275
33.37147569444444
33.37543402777778
32.81603780864197
34.08246527777778
34.064729938271604
33.89307291666667
33.872519290123456
33.88607831790124
33.91472800925926
33.90453125
33.929537037037036
33.926508487654324
33.94774112654321
33.95274884259259
33.969739583333336
33.95923225308642
33.9611361882716
33.94576388888889
33.94804398148148
33.92696566358025
33.93019675925926
33.92429012345679
33.92421875
33.91804205246913
33.92424961419753
33.91688657407408
33.9182137345679
33.90290895061728
33.909627700617285
33.90396026234568
33.911896219135805
33.94234375
33.94621334876543
33.9613850308642
34.02155478395062
34.02476466049383
34.03294945987654
34.047725694444445
34.04907021604938
34.05991319444445
34.07668209876543
34.0808912037037
34.096367669753086
34.12973379629629
34.14169367283951
34.170202546296295
34.20312307098765
34.2291300154321
34.27361111111111
34.31128858024692
34.339421296296294
34.37013310185185
34.397274305555555
34.396583719135805
34.422654320987654
34.41727044753087
34.42895447530864
34.408996913580246
34.40133101851852
34.40543016975309
34.375217978395064
34.37235725308642
34.371751543209875
34.377752700617286
34.36334104938272
34.376998456790126
34.37890046296296
34.391543209876545
34.386114969135804
34.40541087962963
34.41713927469136
34.44336805555555
34.45330439814815
34.470181327160496
34.482270447530865
34.48632716049383
34.51471836419753
34.5071875
34.524340277777775
34.51252700617284
34.512060185185184
34.49806712962963
34.50297260802469
34.46432098765432
34.449124228395064
34.40917438271605
34.41425925925926
34.39123263888889
34.381072530864195
34.39998649691358
34.37539158950617
34.39826581790123
34.38754050925926
34.40588734567901
34.375086805555554
34.4064274691358
34.400123456790126
34.41200424382716
34.40923225308642
34.43831018518519
34.416940586419756
34.45204668209877
34.46047453703704
34.50038387345679
34.479295910493825
34.513591820987656
34.50465470679012
34.540177469135806
34.5114525462963
34.50644290123457
34.46700231481481
34.464189814814816
34.40841435185185
34.4098649691358
34.355613425925924
34.365943287037034
34.350389660493825
34.346425540123455
34.36886574074074
34.34034143518519
34.36640625
34.344085648148145
34.362490354938274
34.34190586419753
34.38205825617284
34.36631558641975
34.39989390432099
34.40119791666667
34.43201195987654
34.42405864197531
34.47592785493827
34.48883101851852
34.5439737654321
34.557434413580246
34.576149691358026
34.57501736111111
34.60742283950617
34.588042052469135
34.593601466049385
34.559891975308645
34.571734182098766
34.54093942901235
34.55142168209876
34.531792052469136
34.539529320987654
34.5108487654321
34.48102430555556
34.48203510802469
34.461726466049384
34.44385223765432
34.411574074074075
34.432118055555556
34.414398148148145
34.42149691358025
34.407222222222224
34.2936612654321
34.33425925925926
33.70201195987654
34.012202932098766
35.522337962962965
35.09835455246913
34.95545717592593
34.82616512345679
34.83122685185185
34.769195601851855
34.72840856481481
34.676757330246915
34.633601466049384
34.54738040123457
34.50625
34.40818672839506
34.37491512345679
34.025052083333335
34.10733024691358
34.11698688271605
34.14685185185185
34.3540162037037
34.186338734567904
34.091377314814814
34.01137924382716
33.99282214506173
33.9864525462963
33.95140625
33.81735339506173
33.827528935185185
33.78802662037037
33.78748456790124
33.767361111111114
33.8105362654321
33.816743827160494
33.84902199074074
33.71580054012345
33.89776813271605
33.89351851851852
33.91625578703704
33.90059027777778
33.921855709876546
33.911967592592596
33.929845679012345
33.90532986111111
33.93926697530864
33.9286149691358
33.97923611111111
33.97348958333333
33.991577932098764
34.028505015432096
34.03195987654321
34.07246334876543
34.07322145061728
34.1109587191358
34.100958719135804
34.13114776234568
34.12336419753086
34.161371527777774
34.180925925925926
34.22381172839506
34.236043595679014
34.26290895061729
34.25737461419753
34.26089120370371
34.2219849537037
34.2516300154321
34.24989197530864
34.29502700617284
34.27610146604938
34.30306712962963
34.27362654320988
34.286255787037035
34.259859182098765
34.261992669753084
34.20264274691358
34.20822916666667
34.16236111111111
34.158877314814816
34.15856481481482
34.13745949074074
34.155605709876546
34.144502314814815
34.168250385802466
34.151738040123455
34.18333526234568
34.185337577160496
34.22626736111111
34.20363233024691
34.23557098765432
34.210582561728394
34.208001543209875
34.172472993827164
34.19337191358024
34.167935956790124
34.1882137345679
34.146577932098765
34.1672550154321
34.136824845679016
34.16060956790123
34.12852430555556
34.15082947530864
34.126489197530866
34.153514660493826
34.13325038580247
34.17075424382716
34.15877700617284
34.16640625
34.194456018518515
34.17684606481482
34.21525462962963
34.224689429012344
34.241523919753085
34.22952353395062
34.25999614197531
34.245171682098764
34.281020447530864
34.2491300154321
34.25246720679012
34.2229012345679
34.23675540123457
34.21251736111111
34.23758101851852
34.218707561728394
34.24083912037037
34.21930362654321
34.2382600308642
34.21993441358025
33.56710841049383
33.882770061728394
35.080983796296294
33.94261574074074
35.22000192901235
34.78652777777778
34.634295910493826
34.50159722222222
34.46705632716049
34.46029513888889
34.43289737654321
34.434440586419754
34.400611496913584
34.40766975308642
34.37383487654321
34.37167824074074
34.30842785493827
34.30784915123457
34.269295910493824
34.25541087962963
34.205108024691356
34.219097222222224
33.45134066358025
33.82953125
33.895443672839505
35.10017361111111
34.62915509259259
34.44608217592592
34.31842592592593
34.30561728395062
34.30284529320988
34.463368055555556
34.480945216049385
33.83015625
33.21282021604938
32.987926311728394
32.90423611111111
32.94630015432099
33.26877314814815
34.064293981481484
35.177951388888886
36.01411265432099
36.18917438271605
36.1702449845679
36.354627700617286
36.45414544753086
36.833132716049384
37.74159915123457
37.93367476851852
37.928956404320985
37.78359567901234
37.824060570987655
37.898719135802466
37.780140817901234
37.62447916666667
37.472943672839506
37.41602237654321
37.66324074074074
38.78794560185185
39.00238233024692
38.94000771604938
38.80404899691358
38.730891203703706
38.63789737654321
38.52960841049383
38.33347993827161
38.155715663580246
38.00190007716049
37.85679591049383
37.818514660493825
37.76720486111111
37.78446952160494
37.746377314814815
37.737984182098764
37.68392168209876
37.64693094135802
37.55833719135803
37.50717592592593
37.365395447530865
37.2856462191358
37.18421489197531
37.16627507716049
37.110914351851854
37.12583333333333
37.14238233024691
37.18191358024691
37.202663966049386
37.23969135802469
37.26693287037037
37.32315586419753
37.32791473765432
37.36865547839506
37.347056327160495
37.35217978395062
37.32131172839506
37.306373456790126
37.308308256172836
37.2742611882716
37.269375
37.22796489197531
37.247083333333336
37.243728780864195
37.27468364197531
37.25507137345679
37.2961149691358
37.298609182098765
37.33667824074074
37.32057098765432
37.34763888888889
37.36281828703704
37.40397955246914
37.42100887345679
37.49109375
37.52526041666667
37.57543016975308
37.567770061728396
37.59450038580247
37.59796682098766
37.632912808641976
37.609984567901236
37.62318672839506
37.58264274691358
37.601917438271606
37.56947530864198
37.56078510802469
37.57263888888889
37.5550462962963
37.56162808641975
37.54724537037037
37.55681712962963
37.52203703703704
37.53150462962963
37.509864969135805
37.515163966049386
37.506591435185186
37.54302662037037
37.54049575617284
37.59450810185185
37.61448881172839
37.67677854938272
37.69372492283951
37.73933063271605
37.72171875
37.728292824074074
37.70527199074074
37.692310956790124
37.64667052469136
37.6506462191358
37.61516975308642
37.631643518518516
37.60635802469136
37.611109182098765
37.582363040123454
37.57176697530864
37.57800733024691
37.56394097222222
37.57749035493827
37.55231095679012
37.57277391975309
37.55748263888889
37.5869425154321
37.58166666666666
37.59106095679012
37.60309220679012
37.62492091049383
37.6190625
37.645449459876545
37.63985918209877
37.66100887345679
37.64119405864197
37.65458526234568
37.65813464506173
37.705623070987656
37.71246141975308
37.73798225308642
37.72354166666667
37.77337191358025
37.76899112654321
37.7851350308642
37.779699074074074
37.8122762345679
37.80192901234568
37.80883680555556
37.83190393518519
37.815503472222225
37.84791087962963
37.83804012345679
37.86151427469136
37.85420717592593
37.89026813271605
37.88915316358025
37.918132716049385
37.91164930555556
37.93094135802469
37.91171875
37.92028549382716
37.894675925925924
37.90437307098765
37.884365354938275
37.90988618827161
37.89376543209877
37.92567708333333
37.92882908950617
37.96753665123457
37.978732638888886
38.00642554012346
37.99246334876543
38.00858410493827
37.99323302469136
38.020316358024694
38.00297646604938
38.02091242283951
38.03276427469136
38.03318287037037
38.05293595679012
38.04349151234568
38.05947145061728
38.05804783950617
38.096932870370374
38.07729359567901
38.08806327160494
38.050059799382716
38.043622685185184
37.99980902777778
37.97001157407407
37.938422067901236
37.914849537037036
37.87261188271605
37.87561342592593
37.854809027777776
37.861604938271604
37.84469907407407
37.873076774691356
37.858721064814816
37.86480516975308
37.83738618827161
37.858782793209876
37.82830054012346
37.86144097222222
37.85000385802469
37.85224922839506
37.87204475308642
37.87021990740741
37.89079668209877
37.872065972222224
37.86893711419753
37.83650655864197
37.828730709876545
37.80456597222222
37.814106867283954
37.77824074074074
37.777949459876545
37.76097800925926
37.79244984567901
37.78444637345679
37.79625964506173
37.78823495370371
37.81932098765432
37.81110918209877
37.83884837962963
37.85308256172839
37.918761574074075
37.92911651234568
37.965949074074075
37.964184027777776
38.00360532407407
38.00653742283951
38.06753279320988
38.10198302469136
38.132214506172836
37.39736111111111
37.81091049382716
39.13013888888889
38.70297839506173
38.47990162037037
38.33549961419753
38.26025077160494
38.16353973765432
38.11076388888889
38.02244020061728
37.9972762345679
37.933742283950615
37.9330362654321
37.900167824074074
37.91410686728395
37.89331211419753
37.9061612654321
37.913514660493824
37.94211226851852
37.92771797839506
37.95943094135802
37.970798611111114
38.01607638888889
38.02426311728395
38.06091435185185
38.052208719135805
38.17201581790123
38.162067901234565
38.11170138888889
38.08915316358025
38.03304976851852
38.03231095679013
38.008283179012345
37.99075810185185
37.97762731481482
38.004510030864196
37.987301311728395
37.992590663580245
37.96760416666667
37.985783179012344
37.9768962191358
37.995933641975306
37.99412422839506
38.02541087962963
38.04883101851852
38.084461805555556
38.24056327160494
38.4702662037037
38.55613811728395
38.633283179012345
38.65717592592593
38.75875578703704
38.765395447530864
38.77515625
38.751224922839505
38.75053047839506
38.707328317901236
38.6824575617284
38.683375771604936
38.66758101851852
38.68259452160494
38.65701388888889
38.66503086419753
38.62753472222222
38.6295987654321
38.61358217592593
38.61630594135802
38.601089891975306
38.61378665123457
38.60484375
38.62034722222222
38.60061535493827
38.61402970679012
38.59363425925926
38.6133699845679
38.58544174382716
38.6071199845679
38.58670138888889
38.605491898148145
38.588429783950616
38.594104938271606
38.57023726851852
38.58499807098765
38.56634066358025
38.553902391975306
38.5088850308642
38.487114197530865
38.327843364197534
38.07889081790123
38.01102430555556
37.98401427469136
38.01108410493827
38.022912808641976
38.04492476851852
38.03660686728395
38.05892361111111
38.048595679012344
38.061822916666664
38.05839120370371
38.083888888888886
38.0744000771605
38.09897955246914
38.08769483024691
38.108643904320985
38.0975675154321
38.09823881172839
38.0592650462963
38.06938464506173
38.03538387345679
38.04024305555556
38.00769097222222
38.01619791666667
37.98766975308642
37.99130208333333
37.971689814814816
37.98827353395062
37.99895061728395
37.978555169753086
37.99288773148148
37.962810570987656
37.94921296296296
37.92153549382716
37.91666473765432
37.88993827160494
37.90525270061728
37.89442901234568
37.92601851851852
37.91375578703704
37.91966242283951
37.90173611111111
37.9047337962963
37.90328317901235
37.930914351851854
37.92425154320988
37.941296296296294
37.91469328703704
37.9327237654321
37.91282214506173
37.925256558641976
37.91016782407407
37.915605709876544
37.90347415123457
37.92759066358025
37.92520447530864
37.94385609567901
37.95056134259259
37.949498456790124
37.9802912808642
37.97668981481481
37.995177469135804
37.99828703703704
38.01190586419753
38.00906828703704
38.03875385802469
38.03822723765432
38.06062307098765
38.03893132716049
38.015731095679016
37.92646026234568
37.87902199074074
37.805104166666666
37.77826967592593
37.735596064814814
37.7153549382716
37.68737268518519
37.668184799382715
37.59727816358025
37.58966049382716
37.59462577160494
37.617590663580245
37.600715663580246
37.62361111111111
37.6170100308642
37.657168209876545
37.69812114197531
37.69821759259259
37.724384645061726
37.716716820987656
37.721666666666664
37.67305555555556
37.65922646604938
37.60505787037037
37.53954089506173
37.39901234567901
37.33897569444444
37.3046875
37.2779012345679
37.18337962962963
37.08473572530864
36.94262345679012
36.94322145061729
36.91601851851852
36.953921682098766
36.92678819444444
36.943649691358026
36.916230709876544
36.94199459876543
36.89237268518519
36.87258487654321
36.827847222222225
36.851153549382715
36.86681905864197
36.928516589506174
36.99684027777778
37.02484182098765
37.09476080246914
37.11082947530864
37.132777777777775
37.0968962191358
37.08437307098765
37.02987268518518
36.9997550154321
36.91331211419753
36.8437962962963
36.77298418209877
36.75891975308642
36.713298611111114
36.72952932098765
36.72957561728395
36.77622106481481
36.79757716049383
36.86316165123457
36.90287422839506
36.94916087962963
36.95456983024691
37.006458333333335
36.99690972222222
37.04433641975309
37.04592013888889
37.0711188271605
37.0660725308642
37.07491512345679
37.08288966049383
37.03631172839506
37.01170524691358
36.98564043209876
36.98695216049383
36.94251736111111
36.939801311728395
36.881842206790125
36.88403549382716
36.84853202160494
36.8443074845679
36.83215470679012
36.842197145061725
36.830800540123455
36.839749228395064
36.85005979938271
36.875603780864196
36.88330825617284
36.93303047839506
36.928788580246916
36.96442322530864
36.93017939814815
36.94411844135802
36.913578317901234
36.95508487654321
36.953088348765434
36.97849151234568
36.928788580246916
36.87476658950617
36.853165509259256
36.806493055555556
36.80922839506173
36.77999614197531
36.77747685185185
36.73930169753086
36.74590856481481
36.696608796296296
36.69191165123457
36.67023533950617
36.68864390432099
36.68881172839506
36.71434413580247
36.7333024691358
36.76504822530864
36.78288387345679
36.83806327160494
36.86336226851852
36.92284336419753
36.95708719135803
37.002108410493825
36.99842785493827
37.037764274691355
37.064990354938274
37.12896990740741
37.13974729938272
37.19841820987654
37.216070601851854
37.236599151234564
37.24590277777778
37.19744791666667
37.16506172839506
37.12996720679013
37.09004822530864
37.05433063271605
37.06199459876543
37.0508275462963
37.05955439814815
37.0160050154321
37.01745949074074
36.96175925925926
36.973952546296296
36.92932677469136
36.93647762345679
36.91255979938271
36.935711805555556
36.9180574845679
36.92255401234568
36.90531635802469
36.94147183641975
36.934058641975305
36.97109375
36.96699845679012
37.01288387345679
37.013059413580244
37.05748263888889
37.064974922839504
37.06777970679013
37.07371913580247
37.067569444444445
37.055719521604935
37.02499807098766
36.984394290123454
36.97517939814815
37.011493055555555
35.7853125
37.75654899691358
37.42485146604938
37.28333333333333
37.19745563271605
37.17847608024692
37.14303433641975
37.16385802469136
37.14956597222222
37.19306134259259
37.18479552469136
37.22608024691358
37.20454475308642
37.25673032407408
37.24294560185185
37.28554398148148
37.25635030864198
37.28919560185185
37.280904706790125
37.291242283950616
37.271957947530865
37.27749035493827
37.2729475308642
37.27209490740741
37.27344714506173
37.1631712962963
37.14725308641975
37.09533564814815
37.12488040123457
37.121130401234566
37.14300154320988
37.12853780864197
37.16400655864197
37.1835262345679
37.22820601851852
