102.80384970582561
102.90419692804784
103.05247757523148
103.23323591820987
103.38654851466049
103.54692684220679
103.77597342785494
103.8650717351466
104.13023232542439
104.19772617669753
103.83463023244599
103.77309932002315
103.72339952256945
103.995888671875
104.60254135320216
105.19587818287037
105.55798635223765
105.97748987268518
106.40818467881944
106.5689707513503
106.59221619405864
106.72025848765432
106.94581693672839
107.13100176022377
107.13949809510031
104.37080331307871
104.25399908371914
104.07881872106482
103.89539291570216
103.71435004340277
103.54574869791666
103.41700544945988
103.28981843171296
102.96622769579476
102.7275390625
102.60067539544752
102.46076473283179
102.43533962673611
102.42339349440586
102.3425909047068
102.0892879533179
101.85908432195217
101.58695577739198
101.19418824749228
100.76887839988426
100.38123046875
100.0597957658179
99.76970883969908
99.55297152295525
99.34475995852624
99.18470269097222
99.02848861882715
98.94635452835648
98.78449785397376
98.67766577449845
98.58193262924382
98.51542004243827
98.44038978105709
98.3592603443287
98.28911072530865
98.23106240354939
98.21741271219136
98.18727780189043
98.17996238425926
98.17340555073302
98.02832537615741
97.83590301890432
97.64608796296297
97.52412446952161
97.48789351851852
97.47368381076389
97.45888973283179
97.48386019483024
97.4583512972608
97.44155586902006
97.47445047260803
97.50422188464506
97.528681640625
97.50741693190587
97.46667679398148
97.44022255979938
97.44379665798611
97.42220775462962
97.42522195698302
97.4400954861111
97.43767336998457
97.3598607494213
97.20807930652006
97.15904815297068
97.07381630979938
97.05915810667439
97.04204836998457
97.0585211709105
97.04530345775463
97.02309799382716
97.00369369695215
96.99107663001543
96.94833490065587
96.9303401089892
96.93411832079475
96.89615547839506
96.90739113136574
96.91318684895833
96.94338577835649
97.00908191068673
97.12381281346451
97.15218930844907
97.13424744405864
97.12069432388117
97.21905538676698
97.26102056809414
97.34132788387346
97.34587842399691
97.40928927951389
97.41071518132716
97.4214690634645
97.42300323109568
97.49328679591049
97.53211950231481
97.54821445794754
97.51004243827161
97.52720896026234
97.53377616222994
97.54556664737655
97.52868188175154
97.50821421682099
97.44652970679013
97.2120694685571
96.96043233989198
96.67994695216049
96.56692949459877
96.47737811053241
96.47022328317901
96.44516806520062
96.42596149209105
96.40737871334876
96.39547164351852
96.38333200713734
96.38890685281636
96.40099175347223
96.44247034143518
96.55673900462963
96.5750127797068
96.61330222800926
96.6370630787037
96.64425745081019
96.58443262924382
96.27217930169753
96.11903995466821
96.0246900318287
96.00524474344135
96.03846571180556
96.10732663001544
96.09559883777005
96.06520604263117
96.03110544463735
96.03172960069445
96.03393277391976
96.02362919560186
96.0369000771605
96.06307544849537
96.13986533082561
96.19518313560957
96.23751615547839
96.25204993730709
96.24570433063272
95.96475163966049
95.8853188898534
95.78072181230709
95.67240379050926
95.65422791280864
95.67151548032408
95.7355549527392
95.71314007040895
95.68675311053241
95.6800250771605
95.68227864583334
95.68219714506174
95.68835117669754
95.70007197627315
95.70989908854166
95.7662190152392
95.80144410686728
95.853611955054
95.85531069155093
95.74086455922068
95.34987702546296
95.18580355420525
95.11108748070987
95.07472535686729
95.06364016685957
95.0762474681713
95.04676962770061
94.99014491705248
94.97286663290895
94.95337794174382
94.94663929880402
94.85440827546296
94.7949843267747
94.76587733892747
94.79547562210648
94.75486581307871
94.76129062982253
94.74512562692901
94.7758024691358
94.79418366608796
94.54747130594136
94.35619743441357
94.36190393518518
94.28664436246142
94.25107180748456
94.23190827546296
94.28403633777006
94.47702907986111
94.55714747299383
94.6175343605324
94.63724766107254
94.7144701244213
94.78495213638118
94.85794463734568
95.04961805555556
95.31566623263889
95.40707079475308
95.47920536747685
95.50436258198303
95.46668065200618
95.3694955632716
94.75669958043981
94.5785610773534
94.41393120659723
94.28502736786265
94.20368067611882
94.16004786361883
94.09778597608025
94.09469798900463
94.10329258294753
94.1882634066358
94.22925431616513
94.2505031105324
94.2843842833719
94.29515697337963
94.30674864969136
94.29242006655093
94.27221390335649
94.2502479986497
94.23181580343365
94.17508596161265
94.06584997106482
93.95763105227624
93.83326400945217
93.82389202353394
93.77907853491513
93.79126458815587
93.77107916184414
93.77626374421297
93.76734170042438
93.78834538966049
93.94068045910494
94.3202076099537
94.33317913290895
94.29690827546297
94.12064658082562
93.80661820023148
93.61717134452161
93.53132125289352
93.46667112750771
93.46572108892747
93.45855239679784
93.43664629147376
93.40990632233796
93.3595282359182
93.34258716724537
93.35433437017747
93.44447386188271
93.66950400270062
93.7177475163966
93.69599476755401
93.73463059413581
93.75427746431328
93.7905337336034
93.80151825327933
93.91089518229167
94.07439489293982
94.34112280574845
94.48397159529321
94.57834418402778
94.57958996431327
94.60459346064815
94.61088541666666
94.58964807581019
94.54969364872686
94.44232663001543
94.34407154224537
94.23678059895833
94.08643892264661
93.73788881655092
93.48725561824845
93.43870828510802
93.35688982928241
93.33352466724537
93.32639684606481
92.90747034143519
91.91456874517748
91.01863076292439
90.34708526234567
89.28294210551698
89.17129834587192
90.16706669560185
90.255048828125
89.30646556712964
90.09471655574846
91.40615041473765
90.55448712384259
90.60740017361111
92.22197832272377
93.26566804108796
93.81771363811728
94.15678505979939
94.066806640625
94.03467592592592
93.5216138599537
92.81834707754629
92.72800636574074
92.47945324556328
91.7305379533179
91.5066559365355
91.36639877507716
91.43335105613426
91.50676215277778
92.01697000385802
92.57173719618055
92.79675286940586
92.69587950906636
92.44297369309413
91.4997163146219
91.4236489679784
91.61541341145833
92.74952703028549
92.55139202353395
92.02784167631172
92.18784324363426
93.13190272955246
94.10796127507716
94.82806278935185
95.36777271412036
95.5676719232253
96.18461118344908
96.7408292341821
97.50238667052469
98.49580343364198
99.12895724826389
99.41634054301697
99.6243142361111
99.81378797743055
100.04965796199846
99.91481276523919
99.88321867766204
99.79114354263118
99.6055027488426
99.05390046296296
98.5683113908179
98.2849065634645
98.23291461709105
98.20661084587191
98.17775209780092
98.15002387152778
98.12182159047067
98.15512164834105
98.16299925250772
98.23068094135803
98.30840326003086
98.4153392650463
98.62138551311729
98.79322036554784
98.71124903549382
98.56034891010802
98.54959985050154
98.50088831018519
98.45953342013888
98.40885139371142
98.3783356240355
98.39129750192902
98.37264986014661
98.36961540316358
98.31528561439043
98.28787133487654
98.256455078125
98.27148666570216
98.26263044945988
98.24960455246914
98.23424491222994
98.21458188657408
98.17126470871914
98.13630292727623
98.05981602044753
97.95174153645833
97.88012671199846
97.86268771701388
97.86943733121142
97.90805519386574
97.81034083236882
97.68161434220679
97.31843050733025
96.8379632040895
96.66313850308642
96.63971149209105
96.57582103587963
96.59789797935957
96.60236725983796
96.56177891107254
96.54609182098766
96.48448857060185
96.48252833236883
96.46854142554012
96.45824375482253
96.40175793306327
96.38744020061728
96.39149233217593
96.4007723283179
96.42063271604938
96.43345546392747
96.44794294945987
96.47834394290123
96.45955283082561
96.3868928433642
96.35754858699846
96.31454499421297
96.3343138744213
96.32860713252315
96.35672887731481
96.4114300009645
96.4638791232639
96.47611979166666
96.44852780189044
96.35502580054012
96.27548261477624
96.14602961033951
96.11123926986883
96.08065116222994
96.09969509548611
96.07697735821759
96.05661144868827
96.04200569058642
96.03295102719908
96.00107783564815
96.00132703993056
95.99185124903549
96.0044955632716
96.00064694251543
95.99527295524692
96.01205198688271
96.00441225405092
96.01160132137346
95.96058822820216
95.65006727430556
95.51541642554012
95.46370056905864
95.45404176311729
95.4438336709105
95.44378785686729
95.43672405478395
95.448009138696
95.43980951003087
95.44706958912037
95.45819492669753
95.44311005015432
95.43521279417438
95.41213686342593
95.40340832368827
95.38579173900463
95.3767748119213
95.36385440779321
95.3517259837963
95.32799045138889
95.28486376350308
95.15137297453704
95.09310679494598
95.02964156539352
94.95734977816358
94.91966314621914
94.85569360050154
94.81565393518518
94.78242874710648
94.78904827353395
94.7750649836034
94.78302083333334
94.79270785108025
94.8058512972608
94.80691779996143
94.8081266878858
94.81692877121914
94.77686005015433
94.78293258101851
94.78304663387345
94.78457139756945
94.7526286410108
94.68506860050154
94.59145893614969
94.51768036265432
94.46852671682099
94.40194601176698
94.3642994068287
94.3219807339892
94.31528669945988
94.26768446180556
94.27343315972222
94.31072482638889
94.37982795621141
94.53913278838735
94.64851188753858
94.7613315007716
94.84232940297068
94.90748034818672
94.90661856192129
94.89758909625772
94.7797494695216
94.7089193913966
94.65306604456019
94.59432424286265
94.59238028067129
94.57898039641204
94.56433364679783
94.56079849054784
94.55594750675154
94.54577956211419
94.54670283564815
94.55796766493056
94.56907479745371
94.58174877025463
94.57235580632717
94.58327461902006
94.55947313850308
94.58195384837963
94.55976972415124
94.50754087094907
94.44528223861883
94.39049575617284
94.35754267939815
94.34360255111882
94.33648328993056
94.32588119695217
94.34320806809414
94.35338095582561
94.37168800636574
94.37896014178241
94.39941249517747
94.4413239052855
94.42758861400463
94.46612449363425
94.4671412037037
94.46341145833334
94.43138647762346
94.44072374131945
94.4100700472608
94.36467652874228
94.30059702932098
94.22613642939815
94.1581258439429
94.08275101273148
94.0741286892361
94.06323133680556
94.02832935474537
94.02520953896605
94.0440773292824
94.03407986111111
94.03159794560185
94.03684088059414
94.05317623939044
94.0790251253858
94.10064549575617
94.138896484375
94.17443889853395
94.21524811921296
94.22616367669752
94.19689356674382
94.12451159818673
94.01653694058642
93.95279236593365
93.90686246141975
93.89339361496914
93.85155466338735
93.84402536651234
93.83351875964506
93.86427782600309
93.86616705246914
93.88659830729166
93.90154815297068
93.91733241705246
94.03497359664352
94.14214108314043
94.18271918402777
94.17355890721451
94.16072084780093
94.08411373939043
93.86449616608796
93.63658408082561
93.5447804542824
93.47858362268518
93.42062005690586
93.44659710165895
93.45150848765432
93.45399209104939
93.4808220003858
93.49339723186728
93.51543378665123
93.52822964891975
93.5548178288966
93.55760139371142
93.5798119212963
93.57845305266204
93.5919059847608
93.56249131944445
93.54871612172067
93.52818552276234
93.52030912422839
93.45482168692129
93.31332887249228
93.16635657793209
93.05760259934414
93.00175467785493
92.98609387056327
93.00256293402778
92.99787049093364
93.0066130160108
93.00540786554784
92.99845269097223
93.00417221257716
93.01182339891976
93.07666425540124
93.13562391493056
93.20352225597993
93.24838035300925
93.31957658179013
93.32572301793981
93.36075436439043
93.29296935281636
93.02749903549383
92.85425033757716
92.69204728491512
92.6222737027392
92.57374457465278
92.5544204523534
92.56478443287037
92.59594413097994
92.69182376060957
92.78729673032407
92.86924611786266
92.89159613715277
92.95522195698302
92.94668233989198
92.94863052179784
92.91355589313271
92.95176902488426
92.95509813850309
92.95579824942129
92.91478165991512
92.83799913194444
92.76407347125772
92.6992179060571
92.67065911940587
92.65972475405093
92.66794921875
92.6716274836034
92.71304325810185
92.70495044849537
92.69055205922068
92.70197542920525
92.68240137924383
92.71287676022376
92.72919704861111
92.74756365740741
92.79199833622685
92.87970377604167
92.89956693672839
92.95095606674383
92.86309823495371
92.65217616705247
92.56883668499228
92.4873836564429
92.43613076292438
92.39453474633487
92.38732277199074
92.38953836323303
92.40423406153549
92.40770122010031
92.41701413001543
92.42458779417439
92.4387041859568
92.52353913483796
92.57518614969136
92.63103985821759
92.58291799286265
92.5951193576389
92.56522316261574
92.56590868537809
92.55392035590278
92.50250916280864
92.38881462191358
92.30812524112655
92.24935004340277
92.18983965084877
92.17809268904321
92.16704788773148
92.1897834683642
92.17692057291667
92.16827486014661
92.17287350501543
92.1902865788966
92.28535590277778
92.40242959104938
92.45321952160494
92.45767059702932
92.50232723283179
92.48415219907407
92.47640637056327
92.45386694637345
92.40872432002315
92.23908275462964
91.97641806520062
91.92753797743056
91.87005184220679
91.85782527970679
91.87704029224537
91.91287314332561
91.93028308256173
91.9333521412037
91.93120358314043
91.91962625385803
91.92747866030092
91.91893518518519
91.93635730131173
91.93503870081018
91.98671826774691
92.00327027874228
92.03810402199075
92.03281093267746
91.97431182484569
91.88360411844135
91.80495611496913
91.80980456693673
91.80200183256173
